69
417772.51311533013
YZ
157188.7012326467
TZ
287497.89174145303
HR
BV
ZE
728295
627337.6289274022
257466
72639.94159846666
30181.078079439594
CD
538847.2287625365
13030
347507.95580686664
557950
962106.4902618267
607722
56557.38256331511
781506.5770178491
PS
912449.4612937145
115864.139581493
803113
841674
340722
164.71731130673905
FS
980772
170900.23311415382
596767.3450723724
471119.1661473952
818988.378839183
HL
285936
PI
87124.57595923284
389254
691200.374213694
898010.7032839959
XU
ZM
765065.7637101299
595850
WR
LL
45131.970417619516
72710.0367473289
855221
MA
599712.8357558594
848833.3245825508
732888.6951640535
TI
165297.43021581112
287643
603786
162639.00872844362
67641
577646
BJ
895423
674423.6529355726
MG
CI
996088
607713
