90
292948
193734
695897.586471227
OT
862111.2106630598
801489.7226765928
428547.2662519424
RV
952147
646430.9288792753
989246
CR
123560.51486242702
FL
220290
746221
182108.79850660477
55640
531701.3267007882
BM
ZG
HW
82185
307792
WZ
283789
954296.5574422124
961946
IO
949330
4429.4178394554965
266552
BI
YH
BP
BL
141837.26333422452
917378
500002
329598
810716.4242042191
821711
618169.8145338309
774063
347314.31090344244
651713.0352453769
175678
879041.8749852554
592508.0145574583
632064.3577966276
LZ
364146
265356
75669.95987136349
LI
584695
RY
983881
JS
429957
383847
114241.79307659632
YK
555204
LH
XB
32527.192181535658
WH
692365
508923.79699985124
561987.0248578998
829554.3872395201
459410.22282304
79150
26272.148102405634
SE
7982
918380.6918545219
EC
505218.3216122079
243390
BR
339983
NK
530033
347674
910743
539215.3567738113
364473
MO
